3,2
3,1
3,3
10,144
10,66
10,148
10,150
10,152
10,186
10,174
10,2
10,3
11,12
11,4
11,20
11,11
11,19
11,5
11,2
11,3
9,6
9,4
9,2
9,3
8,11
8,4
8,9
8,12
8,2
8,3
12,2
12,1
12,3
20,2
20,1
20,3
19,2
19,1
19,3
25,3
25,2
25,1
25,0
11,28
11,27
11,26
11,25
11,24
11,1
11,23
10,303
10,302
10,301
10,300
10,299
10,298
10,297
10,296
10,295
10,294
10,293
10,292
10,291
10,290
10,289
10,288
10,287
10,286
10,285
10,284
10,283
10,282
10,281
10,280
10,279
10,278
10,277
10,276
10,275
10,274
10,273
10,272
10,271
10,270
10,269
10,268
10,267
10,266
10,265
18,1
10,264
10,263
18,3
10,262
10,261
14,1
10,260
10,259
14,3
